3,2
3,1
3,3
10,213
10,167
10,127
10,7
10,201
10,19
10,273
10,15
11,17
11,23
8,11
8,16
8,17
8,10
8,13
8,2
8,3
53,4
53,3
53,2
53,1
53,0
52,3
52,2
52,1
52,0
51,5
51,4
51,3
51,2
51,1
51,0
50,3
50,2
50,1
50,0
49,4
49,3
49,2
49,1
49,0
48,3
48,2
48,1
48,0
47,4
47,3
47,2
47,1
47,0
43,4
43,3
43,2
43,1
43,0
39,4
39,3
39,1
33,4
33,1
20,3
20,2
20,1
19,3
19,2
19,1
18,1
12,3
18,3
12,2
12,1
11,30
11,29
11,25
11,24
11,21
14,1
11,19
14,3
11,16
11,15
13,1
11,13
13,3
11,12
11,11
11,9
11,8
11,7
11,6
11,5
11,4
11,3
11,2
11,1
10,311
10,301
10,288
10,285
10,282
10,272
10,269
10,257
